2011 01 02 00 03 403
2011 01 02 21 25 404
2011 01 02 22 59 200
2011 01 03 01 52 403
2011 01 05 13 03 200
2011 01 08 00 22 200
2011 01 10 01 43 404
2011 01 10 02 39 200
2011 01 11 19 52 200
2011 01 14 08 29 403
2011 01 14 13 16 404
2011 01 14 15 26 200
2011 01 14 16 15 403
2011 01 18 02 31 200
2011 01 20 20 00 403
2011 01 21 07 23 200
2011 01 22 16 39 404
2011 01 24 19 48 200
2011 01 25 21 14 200
2011 01 26 01 02 403
2011 01 27 06 11 403
2011 01 28 18 57 403
2011 02 04 03 56 404
2011 02 04 09 18 403
2011 02 04 17 22 200
2011 02 05 01 48 404
2011 02 05 21 10 404
2011 02 07 12 54 200
2011 02 07 19 31 403
2011 02 12 02 02 200
2011 02 13 23 34 403
2011 02 18 05 27 403
2011 02 18 08 17 404
2011 02 23 13 48 200
2011 02 23 22 38 404
2011 02 23 23 55 403
2011 02 24 22 17 200
2011 02 26 02 33 404
2011 02 27 02 22 200
2011 02 28 00 24 403
2011 03 01 11 14 200
2011 03 03 04 36 200
2011 03 04 19 33 404
2011 03 06 10 44 403
2011 03 06 11 36 200
2011 03 06 18 01 404
2011 03 07 02 50 404
2011 03 09 11 34 403
2011 03 12 16 06 403
2011 03 12 16 47 403
2011 03 13 01 29 200
2011 03 13 08 57 404
2011 03 13 17 03 403
2011 03 13 23 32 200
2011 03 14 08 36 200
2011 03 15 02 25 404
2011 03 16 19 11 404
2011 03 17 07 46 200
2011 03 17 09 20 200
2011 03 17 15 31 403
2011 03 19 05 40 404
2011 03 21 17 36 404
2011 03 22 15 37 200
2011 03 27 23 52 403
2011 04 02 12 48 404
2011 04 03 05 49 403
2011 04 03 09 53 404
2011 04 04 05 32 404
2011 04 04 06 44 403
2011 04 06 02 05 403
2011 04 06 03 42 403
2011 04 06 10 59 403
2011 04 06 12 41 403
2011 04 07 04 47 404
2011 04 08 02 14 403
2011 04 08 11 51 403
2011 04 08 13 30 403
2011 04 09 08 39 403
2011 04 10 16 05 403
2011 04 11 05 24 200
2011 04 11 17 04 404
2011 04 13 07 35 200
2011 04 13 13 58 404
2011 04 14 04 10 403
2011 04 14 08 53 200
2011 04 15 15 43 404
2011 04 16 20 21 404
2011 04 20 17 05 200
2011 04 22 08 11 403
2011 04 23 04 07 200
2011 04 24 15 34 403
2011 04 24 20 53 404
2011 04 25 07 38 200
2011 04 27 12 36 403
2011 04 27 18 56 403
2011 04 28 10 01 404
2011 04 28 14 05 200
2011 05 02 15 18 200
2011 05 03 08 03 200
2011 05 03 17 42 200
2011 05 05 23 53 200
2011 05 07 04 46 200
2011 05 07 18 25 403
2011 05 08 07 54 200
2011 05 08 15 06 403
2011 05 10 21 15 404
2011 05 11 03 39 403
2011 05 17 15 43 403
2011 05 23 21 09 200
2011 05 24 14 34 404
2011 05 25 06 28 403
2011 05 26 07 54 403
2011 05 26 11 27 403
2011 05 27 15 55 403
2011 05 28 20 50 200
2011 06 04 19 27 404
2011 06 05 12 36 403
2011 06 06 00 09 403
2011 06 08 06 41 403
2011 06 08 10 13 403
2011 06 08 23 48 200
2011 06 09 08 35 403
2011 06 10 18 37 200
2011 06 10 23 26 404
2011 06 11 09 39 403
2011 06 11 23 44 403
2011 06 12 08 14 403
2011 06 12 11 14 403
2011 06 13 09 30 200
2011 06 14 02 01 200
2011 06 17 09 56 403
2011 06 18 00 09 200
2011 06 18 00 15 404
2011 06 19 07 45 403
2011 06 19 21 00 200
2011 06 22 05 50 404
2011 06 22 15 07 200
2011 06 24 11 32 200
2011 06 27 00 49 403
2011 06 27 04 56 404
2011 07 01 14 16 200
2011 07 02 19 18 200
2011 07 03 14 05 404
2011 07 04 15 38 200
2011 07 04 16 33 200
2011 07 04 17 05 404
2011 07 06 06 11 404
2011 07 07 06 11 404
2011 07 07 07 06 404
2011 07 11 15 52 404
2011 07 11 22 50 200
2011 07 12 10 44 404
2011 07 12 18 13 404
2011 07 13 00 15 200
2011 07 13 06 30 404
2011 07 13 08 26 404
2011 07 15 13 45 404
2011 07 18 11 55 200
2011 07 18 14 51 403
2011 07 19 02 10 404
2011 07 19 19 41 200
2011 07 22 12 53 200
2011 07 22 16 51 404
2011 07 24 07 39 403
2011 07 25 06 42 403
2011 07 27 12 00 404
2011 08 03 04 58 200
2011 08 07 02 00 404
2011 08 07 07 30 200
2011 08 08 08 34 404
2011 08 08 09 58 404
2011 08 08 22 18 403
2011 08 08 22 42 404
2011 08 11 20 45 403
2011 08 12 02 41 200
2011 08 15 11 12 404
2011 08 15 11 25 200
2011 08 16 01 01 404
2011 08 16 10 57 200
2011 08 16 19 24 403
2011 08 18 16 12 403
2011 08 18 18 27 404
2011 08 18 23 22 200
2011 08 20 06 23 404
2011 08 20 20 38 200
2011 08 22 11 30 403
2011 08 22 21 13 200
2011 08 24 10 15 404
2011 08 24 19 28 403
2011 08 25 00 21 200
2011 08 25 16 35 200
2011 08 26 07 24 404
2011 08 26 08 46 404
2011 08 27 16 03 200
2011 08 27 20 44 403
2011 08 28 16 36 200
2011 09 01 03 01 403
2011 09 02 17 04 403
2011 09 03 00 32 403
2011 09 03 06 56 403
2011 09 03 08 47 403
2011 09 03 21 08 403
2011 09 08 00 15 404
2011 09 08 19 49 403
2011 09 09 07 42 200
2011 09 09 22 56 200
2011 09 10 05 53 403
2011 09 10 10 52 403
2011 09 10 10 54 403
2011 09 11 22 09 404
2011 09 12 20 48 200
2011 09 14 23 23 200
2011 09 16 02 46 404
2011 09 16 03 34 404
2011 09 16 10 04 200
2011 09 17 15 04 403
2011 09 19 04 04 200
2011 09 19 10 30 200
2011 09 21 10 19 404
2011 09 23 16 16 404
2011 09 24 05 00 200
2011 09 25 02 03 200
2011 09 25 09 45 404
2011 09 25 23 17 200
2011 09 26 06 13 403
2011 09 26 23 58 403
2011 09 27 10 16 200
2011 09 27 17 36 200
2011 09 28 13 57 200
2011 09 28 14 34 403
2011 10 01 00 22 200
2011 10 01 03 53 403
2011 10 03 18 47 200
2011 10 04 09 42 403
2011 10 04 17 02 200
2011 10 05 19 57 404
2011 10 07 04 35 404
2011 10 08 16 29 403
2011 10 09 06 16 200
2011 10 09 12 46 404
2011 10 10 01 15 403
2011 10 10 18 04 404
2011 10 13 13 53 200
2011 10 13 20 38 403
2011 10 14 01 11 404
2011 10 15 01 31 200
2011 10 15 07 05 403
2011 10 15 21 08 200
2011 10 15 22 57 200
2011 10 16 10 04 403
2011 10 17 21 37 403
2011 10 18 08 26 403
2011 10 18 08 52 200
2011 10 18 20 00 404
2011 10 19 08 28 404
2011 10 19 09 19 403
2011 10 19 16 06 403
2011 10 21 16 53 403
2011 10 22 00 35 404
2011 10 22 03 24 404
2011 10 22 15 50 403
2011 10 23 02 41 404
2011 10 24 09 44 200
2011 10 27 05 44 200
2011 11 02 04 43 404
2011 11 04 19 27 200
2011 11 06 15 00 200
2011 11 08 03 03 403
2011 11 09 17 23 200
2011 11 11 12 08 200
2011 11 12 09 23 404
2011 11 12 12 43 404
2011 11 12 18 18 403
2011 11 14 22 49 200
2011 11 17 07 53 200
2011 11 17 12 42 404
2011 11 19 10 37 404
2011 11 21 00 39 404
2011 11 21 09 39 404
2011 11 21 14 59 404
2011 11 23 05 42 200
2011 11 25 05 33 200
2011 11 26 02 57 200
2011 11 26 04 05 403
2011 11 27 06 56 403
2011 11 27 14 27 403
2011 11 28 20 04 200
2011 12 07 14 48 200
2011 12 07 19 39 404
2011 12 12 01 54 404
2011 12 14 06 14 200
2011 12 15 04 37 403
2011 12 15 13 25 200
2011 12 19 10 14 200
2011 12 21 14 16 404
2011 12 21 21 05 403
2011 12 24 04 08 200
2011 12 25 11 09 200
2011 12 25 23 00 403
2011 12 27 19 54 404
